1098.470000 0.155516 0.042256 -10.032600
1108.470000 0.152460 0.041449 -9.907900
1118.470000 0.152837 0.041556 -9.782010
1128.470000 0.146987 0.039896 -9.654970
1138.470000 0.158550 0.043181 -9.526750
1148.470000 0.173830 0.047540 -9.397380
1158.470000 0.166916 0.045565 -9.266850
1168.470000 0.125316 0.033770 -9.135150
1178.470000 0.106739 0.028556 -9.002270
1188.470000 0.109479 0.029323 -8.868240
1198.470000 0.129779 0.035027 -8.733050
1208.470000 0.132526 0.035803 -8.596680
1218.470000 0.157417 0.042859 -8.459150
1228.470000 0.174580 0.047754 -8.320470
1238.470000 0.161048 0.043892 -8.180620
1248.470000 0.152702 0.041518 -8.039600
1258.470000 0.128141 0.034566 -7.897420
1268.470000 0.108798 0.029132 -7.754070
1278.470000 0.102061 0.027249 -7.609560
1288.470000 0.096666 0.025746 -7.463880
1298.470000 0.089128 0.023651 -7.317050
1308.470000 0.108177 0.028958 -7.169040
1318.470000 0.134048 0.036232 -7.019870
1328.470000 0.114165 0.030636 -6.869540
1338.470000 0.110549 0.029622 -6.718030
1348.470000 0.111738 0.024773 -6.565370
1358.470000 0.058730 0.014189 -6.411540
1368.470000 0.079246 0.024470 -6.256560
1378.470000 0.093227 0.016423 -6.100400
1388.470000 0.063566 0.019135 -5.943090
1398.470000 0.058637 0.022054 -5.784590
1408.470000 0.070632 0.022455 -5.624950
1418.470000 0.058365 0.019561 -5.464140
1428.470000 0.041867 0.009811 -5.302160
1438.470000 0.052787 0.016435 -5.139020
1448.470000 0.054637 0.014337 -4.974720
1458.470000 0.050424 0.012509 -4.809240
1468.470000 0.052317 0.010848 -4.642610
1478.470000 0.036012 0.008314 -4.474810
1488.470000 0.027681 0.006069 -4.305850
1498.470000 0.028009 0.006986 -4.135710
1508.470000 0.027605 0.006648 -3.964420
1518.470000 0.028383 0.009628 -3.791960
1528.470000 0.053314 0.014408 -3.618350
1538.470000 0.063209 0.016922 -3.443560
1548.470000 0.074737 0.023127 -3.267610
1558.470000 0.045382 0.014650 -3.090500
1568.470000 0.062581 0.013897 -2.912220
1578.470000 0.060987 0.015789 -2.732770
1588.470000 0.063408 0.012948 -2.552170
1598.470000 0.028760 0.011300 -2.370390
1608.470000 0.041663 0.010542 -2.187450
1618.470000 0.046156 0.011702 -2.003360
1628.470000 0.057882 0.016669 -1.818080
1638.470000 0.039208 0.008423 -1.631650
1648.470000 0.024205 0.007770 -1.444060
1658.470000 0.026348 0.006208 -1.255310
1668.470000 0.021259 0.004773 -1.065380
1678.470000 0.026546 0.005418 -0.874298
1688.470000 0.022908 0.006047 -0.682053
1698.470000 0.037187 0.005665 -0.488632
1708.470000 0.035119 0.010647 -0.294052
1718.470000 0.045182 0.013595 -0.098297
1728.470000 0.046670 0.015067 0.098602
1738.470000 0.043746 0.018821 0.296677
1748.470000 0.047622 0.010181 0.495911
1758.470000 0.041935 0.007526 0.696320
1768.470000 0.035638 0.010303 0.897888
1778.470000 0.028185 0.007516 1.100620
1788.470000 0.025743 0.007188 1.304520
1798.470000 0.030390 0.005942 1.509570
1808.470000 0.020479 0.004200 1.715810
1818.470000 0.022543 0.005694 1.923190
1828.470000 0.026300 0.006630 2.131740
1838.470000 0.029828 0.008867 2.341460
1848.470000 0.037156 0.009703 2.552340
1858.470000 0.051223 0.009405 2.764390
1868.470000 0.036403 0.015399 2.977600
1878.470000 0.045601 0.010763 3.191970
1888.470000 0.024733 0.006470 3.407520
1898.470000 0.024008 0.005300 3.624220
1908.470000 0.027574 0.007453 3.842090
1918.470000 0.021295 0.004193 4.061110
1928.470000 0.021129 0.004997 4.281310
1938.470000 0.029504 0.006271 4.502670
1948.470000 0.030924 0.007559 4.725210
1958.470000 0.042118 0.012756 4.948900
1968.470000 0.050127 0.010093 5.173750
1978.470000 0.044167 0.015829 5.399770
1988.470000 0.100204 0.021389 5.626960
1998.470000 0.121550 0.038480 5.855300
2008.470000 0.094035 0.018879 6.084810
2018.470000 0.079082 0.019709 6.315490
2028.470000 0.111773 0.031615 6.547340
2038.470000 0.133531 0.039207 6.780340
2048.470000 0.150950 0.027793 7.014510
2058.470000 0.157076 0.040350 7.249850
2068.470000 0.108220 0.036184 7.486340
2078.470000 0.079848 0.022134 7.724000
2088.470000 0.042540 0.011438 7.962830
2098.470000 0.019659 0.006014 8.202820
2108.470000 0.017786 0.004801 8.443990
2118.470000 0.027809 0.006469 8.686300
2128.470000 0.031957 0.005994 8.929780
2138.470000 0.022578 0.006441 9.174440
2148.470000 0.017059 0.003964 9.420240
2158.470000 0.018233 0.006007 9.667220
2168.470000 0.029974 0.008025 9.915380
2178.470000 0.035129 0.010745 10.164700
2188.470000 0.030695 0.007834 10.415100
2198.470000 0.033181 0.009761 10.666800
2208.470000 0.034017 0.008420 10.919600
2218.470000 0.019953 0.006143 11.173600
2228.470000 0.021207 0.006489 11.428700
2238.470000 0.017650 0.005006 11.685000
2248.470000 0.019261 0.004825 11.942400
2258.470000 0.017671 0.004469 12.201100
2268.470000 0.013500 0.004486 12.460800
2278.470000 0.014889 0.003330 12.721800
2288.470000 0.013018 0.003364 12.983900
2298.470000 0.012919 0.002716 13.247200
2308.470000 0.011633 0.003055 13.511600
2318.470000 0.015316 0.004245 13.777200
2328.470000 0.017178 0.004020 14.044000
2338.470000 0.018202 0.004498 14.312000
2348.470000 0.028395 0.010721 14.581100
2358.470000 0.037205 0.012400 14.851300
2368.470000 0.027705 0.009309 15.122800
2378.470000 0.028901 0.005698 15.395300
2388.470000 0.021876 0.006616 15.669100
2398.470000 0.022046 0.004544 15.944000
2408.470000 0.017478 0.003969 16.220100
2418.470000 0.017215 0.004155 16.497400
2428.470000 0.012121 0.003609 16.775800
2438.470000 0.012377 0.003834 17.055400
2448.470000 0.013608 0.003451 17.336100
2458.470000 0.009654 0.002583 17.618000
2468.470000 0.013691 0.003794 17.901100
2478.470000 0.010939 0.003113 18.185400
2488.470000 0.016235 0.003229 18.470800
2498.470000 0.017414 0.003824 18.757300
2508.470000 0.020412 0.005480 19.045100
2518.470000 0.019052 0.005324 19.333900
2528.470000 0.021516 0.005235 19.624000
2538.470000 0.021953 0.004551 19.915200
2548.470000 0.029931 0.007877 20.207600
2558.470000 0.022496 0.005736 20.501200
2568.470000 0.017513 0.003751 20.795900
2578.470000 0.018416 0.005542 21.091800
2588.470000 0.030214 0.007636 21.388800
2598.470000 0.021519 0.005356 21.687000
2608.470000 0.017846 0.004404 21.986400
2618.470000 0.014173 0.003462 22.286900
2628.470000 0.011436 0.002766 22.588700
2638.470000 0.009623 0.002309 22.891500
2648.470000 0.008972 0.002147 23.195600
2658.470000 0.010344 0.002491 23.500700
2668.470000 0.011039 0.002666 23.807100
2678.470000 0.011681 0.002828 24.114600
2688.470000 0.012299 0.002985 24.423400
2698.470000 0.010369 0.002497 24.732200
2708.470000 0.008311 0.001981 25.041000
2718.470000 0.010604 0.002556 25.349800
2728.470000 0.022055 0.005495 25.658600
2738.470000 0.053512 0.013877 25.967400
2748.470000 0.087233 0.023126 26.276200
2758.470000 0.098571 0.026276 26.585000
2768.470000 0.119139 0.032032 26.893800
2778.470000 0.147272 0.039976 27.202600
2788.470000 0.126893 0.034163 27.511400
2798.470000 0.119694 999.000000 27.820200
