1098.470000 0.155516 0.042256 -10.032600
1108.470000 0.188420 0.051226 -9.907900
1118.470000 0.188887 0.051358 -9.782010
1128.470000 0.181657 0.049306 -9.654970
1138.470000 0.195947 0.053366 -9.526750
1148.470000 0.214831 0.058753 -9.397380
1158.470000 0.206286 0.056313 -9.266850
1168.470000 0.154874 0.041735 -9.135150
1178.470000 0.131915 0.035292 -9.002270
1188.470000 0.135302 0.036239 -8.868240
1198.470000 0.160390 0.043289 -8.733050
1208.470000 0.163785 0.044247 -8.596680
1218.470000 0.194546 0.052968 -8.459150
1228.470000 0.215758 0.059018 -8.320470
1238.470000 0.199034 0.054245 -8.180620
1248.470000 0.188719 0.051311 -8.039600
1258.470000 0.158366 0.042719 -7.897420
1268.470000 0.134460 0.036003 -7.754070
1278.470000 0.126134 0.033677 -7.609560
1288.470000 0.119466 0.031818 -7.463880
1298.470000 0.110150 0.029230 -7.317050
1308.470000 0.133692 0.035788 -7.169040
1318.470000 0.165665 0.044779 -7.019870
1328.470000 0.141093 0.037861 -6.869540
1338.470000 0.136624 0.036609 -6.718030
1348.470000 0.138093 0.030617 -6.565370
1358.470000 0.072582 0.017535 -6.411540
1368.470000 0.097937 0.030241 -6.256560
1378.470000 0.115217 0.020297 -6.100400
1388.470000 0.078560 0.023649 -5.943090
1398.470000 0.072468 0.027256 -5.784590
1408.470000 0.087292 0.027751 -5.624950
1418.470000 0.072131 0.024175 -5.464140
1428.470000 0.051742 0.012126 -5.302160
1438.470000 0.065238 0.020312 -5.139020
1448.470000 0.067524 0.017719 -4.974720
1458.470000 0.062318 0.015460 -4.809240
1468.470000 0.064658 0.013406 -4.642610
1478.470000 0.044506 0.010275 -4.474810
1488.470000 0.034210 0.007501 -4.305850
1498.470000 0.034616 0.008634 -4.135710
1508.470000 0.034116 0.008216 -3.964420
1518.470000 0.035078 0.011899 -3.791960
1528.470000 0.065889 0.017806 -3.618350
1538.470000 0.078118 0.020913 -3.443560
1548.470000 0.092365 0.028582 -3.267610
1558.470000 0.056087 0.018106 -3.090500
1568.470000 0.077342 0.017175 -2.912220
1578.470000 0.075372 0.019514 -2.732770
1588.470000 0.078364 0.016002 -2.552170
1598.470000 0.035544 0.013966 -2.370390
1608.470000 0.051490 0.013028 -2.187450
1618.470000 0.057043 0.014463 -2.003360
1628.470000 0.071535 0.020600 -1.818080
1638.470000 0.048456 0.010410 -1.631650
1648.470000 0.029914 0.009603 -1.444060
1658.470000 0.032562 0.007672 -1.255310
1668.470000 0.026273 0.005898 -1.065380
1678.470000 0.032808 0.006695 -0.874298
1688.470000 0.028311 0.007474 -0.682053
1698.470000 0.045959 0.007001 -0.488632
1708.470000 0.043403 0.013159 -0.294052
1718.470000 0.055839 0.016801 -0.098297
1728.470000 0.057678 0.018621 0.098602
1738.470000 0.054064 0.023260 0.296677
1748.470000 0.058854 0.012582 0.495911
1758.470000 0.051826 0.009302 0.696320
1768.470000 0.044044 0.012733 0.897888
1778.470000 0.034833 0.009288 1.100620
1788.470000 0.031815 0.008883 1.304520
1798.470000 0.037558 0.007344 1.509570
1808.470000 0.025309 0.005190 1.715810
1818.470000 0.027861 0.007037 1.923190
1828.470000 0.032504 0.008194 2.131740
1838.470000 0.036863 0.010959 2.341460
1848.470000 0.045920 0.011991 2.552340
1858.470000 0.063305 0.011624 2.764390
1868.470000 0.044989 0.019031 2.977600
1878.470000 0.056356 0.013302 3.191970
1888.470000 0.030566 0.007996 3.407520
1898.470000 0.029670 0.006550 3.624220
1908.470000 0.034078 0.009210 3.842090
1918.470000 0.026317 0.005182 4.061110
1928.470000 0.026112 0.006175 4.281310
1938.470000 0.036463 0.007750 4.502670
1948.470000 0.038217 0.009342 4.725210
1958.470000 0.052052 0.015764 4.948900
1968.470000 0.061951 0.012474 5.173750
1978.470000 0.054585 0.019562 5.399770
1988.470000 0.123838 0.026433 5.626960
1998.470000 0.150219 0.047556 5.855300
2008.470000 0.116214 0.023332 6.084810
2018.470000 0.097735 0.024357 6.315490
2028.470000 0.138137 0.039072 6.547340
2038.470000 0.165026 0.048454 6.780340
2048.470000 0.186554 0.034348 7.014510
2058.470000 0.194125 0.049867 7.249850
2068.470000 0.133746 0.044719 7.486340
2078.470000 0.098681 0.027354 7.724000
2088.470000 0.052574 0.014136 7.962830
2098.470000 0.024296 0.007432 8.202820
2108.470000 0.021981 0.005934 8.443990
2118.470000 0.034368 0.007994 8.686300
2128.470000 0.039494 0.007408 8.929780
2138.470000 0.027904 0.007960 9.174440
2148.470000 0.021082 0.004900 9.420240
2158.470000 0.022534 0.007424 9.667220
2168.470000 0.037044 0.009918 9.915380
2178.470000 0.043415 0.013279 10.164700
2188.470000 0.037935 0.009682 10.415100
2198.470000 0.041008 0.012063 10.666800
2208.470000 0.042040 0.010406 10.919600
2218.470000 0.024659 0.007592 11.173600
2228.470000 0.026209 0.008019 11.428700
2238.470000 0.021813 0.006187 11.685000
2248.470000 0.023803 0.005963 11.942400
2258.470000 0.021840 0.005524 12.201100
2268.470000 0.016684 0.005544 12.460800
2278.470000 0.018401 0.004116 12.721800
2288.470000 0.016089 0.004157 12.983900
2298.470000 0.015966 0.003357 13.247200
2308.470000 0.014377 0.003775 13.511600
2318.470000 0.018928 0.005246 13.777200
2328.470000 0.021230 0.004968 14.044000
2338.470000 0.022495 0.005559 14.312000
2348.470000 0.035092 0.013250 14.581100
2358.470000 0.045980 0.015324 14.851300
2368.470000 0.034240 0.011505 15.122800
2378.470000 0.035718 0.007042 15.395300
2388.470000 0.027036 0.008176 15.669100
2398.470000 0.027247 0.005615 15.944000
2408.470000 0.021601 0.004906 16.220100
2418.470000 0.021275 0.005135 16.497400
2428.470000 0.014980 0.004460 16.775800
2438.470000 0.015296 0.004738 17.055400
2448.470000 0.016817 0.004265 17.336100
2458.470000 0.011931 0.003192 17.618000
2468.470000 0.016920 0.004689 17.901100
2478.470000 0.013519 0.003847 18.185400
2488.470000 0.020065 0.003991 18.470800
2498.470000 0.021521 0.004727 18.757300
2508.470000 0.025227 0.006773 19.045100
2518.470000 0.023546 0.006580 19.333900
2528.470000 0.026591 0.006469 19.624000
2538.470000 0.027131 0.005625 19.915200
2548.470000 0.036991 0.009735 20.207600
2558.470000 0.027803 0.007090 20.501200
2568.470000 0.021643 0.004635 20.795900
2578.470000 0.022760 0.006849 21.091800
2588.470000 0.037341 0.009437 21.388800
2598.470000 0.026595 0.006619 21.687000
2608.470000 0.022056 0.005443 21.986400
2618.470000 0.017516 0.004278 22.286900
2628.470000 0.014134 0.003419 22.588700
2638.470000 0.011892 0.002854 22.891500
2648.470000 0.011089 0.002653 23.195600
2658.470000 0.012784 0.003078 23.500700
2668.470000 0.013643 0.003295 23.807100
2678.470000 0.014436 0.003495 24.114600
2688.470000 0.015200 0.003689 24.423400
2698.470000 0.012815 0.003086 24.732200
2708.470000 0.010271 0.002449 25.041000
2718.470000 0.013106 0.003159 25.349800
2728.470000 0.027257 0.006791 25.658600
2738.470000 0.066134 0.017150 25.967400
2748.470000 0.107809 0.028581 26.276200
2758.470000 0.121820 0.032474 26.585000
2768.470000 0.147241 0.039587 26.893800
2778.470000 0.182008 0.049405 27.202600
2788.470000 0.126893 0.034163 27.511400
2798.470000 0.119694 999.000000 27.820200
