1098.470000 0.155516 0.042256 -10.032600
1108.470000 0.133831 0.036384 -9.907900
1118.470000 0.134163 0.036479 -9.782010
1128.470000 0.129027 0.035021 -9.654970
1138.470000 0.139177 0.037905 -9.526750
1148.470000 0.152590 0.041731 -9.397380
1158.470000 0.146521 0.039998 -9.266850
1168.470000 0.110004 0.029643 -9.135150
1178.470000 0.093697 0.025067 -9.002270
1188.470000 0.096102 0.025740 -8.868240
1198.470000 0.113922 0.030747 -8.733050
1208.470000 0.116333 0.031428 -8.596680
1218.470000 0.138182 0.037622 -8.459150
1228.470000 0.153249 0.041919 -8.320470
1238.470000 0.141370 0.038529 -8.180620
1248.470000 0.134044 0.036445 -8.039600
1258.470000 0.112484 0.030342 -7.897420
1268.470000 0.095504 0.025572 -7.754070
1278.470000 0.089590 0.023920 -7.609560
1288.470000 0.084855 0.022600 -7.463880
1298.470000 0.078238 0.020761 -7.317050
1308.470000 0.094959 0.025420 -7.169040
1318.470000 0.117669 0.031805 -7.019870
1328.470000 0.100216 0.026892 -6.869540
1338.470000 0.097041 0.026003 -6.718030
1348.470000 0.098085 0.021746 -6.565370
1358.470000 0.051554 0.012455 -6.411540
1368.470000 0.069563 0.021480 -6.256560
1378.470000 0.081836 0.014416 -6.100400
1388.470000 0.055799 0.016797 -5.943090
1398.470000 0.051472 0.019359 -5.784590
1408.470000 0.062002 0.019711 -5.624950
1418.470000 0.051233 0.017171 -5.464140
1428.470000 0.036751 0.008613 -5.302160
1438.470000 0.046337 0.014427 -5.139020
1448.470000 0.047961 0.012586 -4.974720
1458.470000 0.044263 0.010981 -4.809240
1468.470000 0.045925 0.009522 -4.642610
1478.470000 0.031612 0.007298 -4.474810
1488.470000 0.024299 0.005328 -4.305850
1498.470000 0.024587 0.006133 -4.135710
1508.470000 0.024232 0.005836 -3.964420
1518.470000 0.024915 0.008452 -3.791960
1528.470000 0.046800 0.012647 -3.618350
1538.470000 0.055486 0.014854 -3.443560
1548.470000 0.065605 0.020301 -3.267610
1558.470000 0.039837 0.012860 -3.090500
1568.470000 0.054934 0.012199 -2.912220
1578.470000 0.053535 0.013860 -2.732770
1588.470000 0.055660 0.011366 -2.552170
1598.470000 0.025246 0.009920 -2.370390
1608.470000 0.036573 0.009254 -2.187450
1618.470000 0.040517 0.010273 -2.003360
1628.470000 0.050810 0.014632 -1.818080
1638.470000 0.034417 0.007394 -1.631650
1648.470000 0.021248 0.006821 -1.444060
1658.470000 0.023128 0.005449 -1.255310
1668.470000 0.018661 0.004189 -1.065380
1678.470000 0.023303 0.004756 -0.874298
1688.470000 0.020109 0.005308 -0.682053
1698.470000 0.032644 0.004973 -0.488632
1708.470000 0.030828 0.009346 -0.294052
1718.470000 0.039662 0.011934 -0.098297
1728.470000 0.040967 0.013226 0.098602
1738.470000 0.038401 0.016521 0.296677
1748.470000 0.041803 0.008937 0.495911
1758.470000 0.036811 0.006607 0.696320
1768.470000 0.031284 0.009044 0.897888
1778.470000 0.024741 0.006597 1.100620
1788.470000 0.022597 0.006310 1.304520
1798.470000 0.026677 0.005216 1.509570
1808.470000 0.017976 0.003687 1.715810
1818.470000 0.019789 0.004998 1.923190
1828.470000 0.023087 0.005820 2.131740
1838.470000 0.026183 0.007784 2.341460
1848.470000 0.032616 0.008517 2.552340
1858.470000 0.044964 0.008256 2.764390
1868.470000 0.031955 0.013517 2.977600
1878.470000 0.040029 0.009448 3.191970
1888.470000 0.021711 0.005679 3.407520
1898.470000 0.021074 0.004652 3.624220
1908.470000 0.024205 0.006542 3.842090
1918.470000 0.018693 0.003681 4.061110
1928.470000 0.018547 0.004386 4.281310
1938.470000 0.025899 0.005504 4.502670
1948.470000 0.027145 0.006636 4.725210
1958.470000 0.036971 0.011197 4.948900
1968.470000 0.044002 0.008860 5.173750
1978.470000 0.038770 0.013895 5.399770
1988.470000 0.087960 0.018775 5.626960
1998.470000 0.106698 0.033778 5.855300
2008.470000 0.082545 0.016572 6.084810
2018.470000 0.069419 0.017300 6.315490
2028.470000 0.098116 0.027752 6.547340
2038.470000 0.117215 0.034416 6.780340
2048.470000 0.132506 0.024397 7.014510
2058.470000 0.137883 0.035420 7.249850
2068.470000 0.094997 0.031763 7.486340
2078.470000 0.070091 0.019429 7.724000
2088.470000 0.037342 0.010040 7.962830
2098.470000 0.017257 0.005279 8.202820
2108.470000 0.015613 0.004215 8.443990
2118.470000 0.024411 0.005678 8.686300
2128.470000 0.028052 0.005261 8.929780
2138.470000 0.019820 0.005654 9.174440
2148.470000 0.014974 0.003480 9.420240
2158.470000 0.016005 0.005273 9.667220
2168.470000 0.026312 0.007045 9.915380
2178.470000 0.030837 0.009432 10.164700
2188.470000 0.026944 0.006877 10.415100
2198.470000 0.029127 0.008568 10.666800
2208.470000 0.029860 0.007391 10.919600
2218.470000 0.017515 0.005392 11.173600
2228.470000 0.018616 0.005696 11.428700
2238.470000 0.015493 0.004395 11.685000
2248.470000 0.016907 0.004235 11.942400
2258.470000 0.015512 0.003923 12.201100
2268.470000 0.011850 0.003938 12.460800
2278.470000 0.013070 0.002923 12.721800
2288.470000 0.011428 0.002953 12.983900
2298.470000 0.011340 0.002384 13.247200
2308.470000 0.010212 0.002681 13.511600
2318.470000 0.013444 0.003726 13.777200
2328.470000 0.015079 0.003529 14.044000
2338.470000 0.015978 0.003948 14.312000
2348.470000 0.024925 0.009411 14.581100
2358.470000 0.032659 0.010885 14.851300
2368.470000 0.024320 0.008172 15.122800
2378.470000 0.025370 0.005002 15.395300
2388.470000 0.019203 0.005807 15.669100
2398.470000 0.019353 0.003989 15.944000
2408.470000 0.015343 0.003484 16.220100
2418.470000 0.015111 0.003647 16.497400
2428.470000 0.010640 0.003168 16.775800
2438.470000 0.010865 0.003365 17.055400
2448.470000 0.011945 0.003030 17.336100
2458.470000 0.008474 0.002267 17.618000
2468.470000 0.012018 0.003330 17.901100
2478.470000 0.009602 0.002732 18.185400
2488.470000 0.014252 0.002835 18.470800
2498.470000 0.015286 0.003357 18.757300
2508.470000 0.017918 0.004811 19.045100
2518.470000 0.016724 0.004674 19.333900
2528.470000 0.018887 0.004595 19.624000
2538.470000 0.019271 0.003995 19.915200
2548.470000 0.026274 0.006914 20.207600
2558.470000 0.019748 0.005036 20.501200
2568.470000 0.015373 0.003292 20.795900
2578.470000 0.016166 0.004864 21.091800
2588.470000 0.026522 0.006703 21.388800
2598.470000 0.018890 0.004701 21.687000
2608.470000 0.015666 0.003866 21.986400
2618.470000 0.012441 0.003039 22.286900
2628.470000 0.010039 0.002428 22.588700
2638.470000 0.008447 0.002027 22.891500
2648.470000 0.007876 0.001884 23.195600
2658.470000 0.009080 0.002187 23.500700
2668.470000 0.009690 0.002340 23.807100
2678.470000 0.010253 0.002482 24.114600
2688.470000 0.010796 0.002620 24.423400
2698.470000 0.009102 0.002192 24.732200
2708.470000 0.007295 0.001739 25.041000
2718.470000 0.009309 0.002244 25.349800
2728.470000 0.019360 0.004824 25.658600
2738.470000 0.046974 0.012181 25.967400
2748.470000 0.076575 0.020300 26.276200
2758.470000 0.086527 0.023066 26.585000
2768.470000 0.104582 0.028118 26.893800
2778.470000 0.129277 0.035092 27.202600
2788.470000 0.126893 0.034163 27.511400
2798.470000 0.119694 999.000000 27.820200
