1098.470000 0.155516 0.042256 -10.032600
1108.470000 0.185376 0.050398 -9.907900
1118.470000 0.185835 0.050528 -9.782010
1128.470000 0.178722 0.048509 -9.654970
1138.470000 0.192781 0.052504 -9.526750
1148.470000 0.211360 0.057803 -9.397380
1158.470000 0.202953 0.055403 -9.266850
1168.470000 0.152371 0.041060 -9.135150
1178.470000 0.129784 0.034721 -9.002270
1188.470000 0.133116 0.035653 -8.868240
1198.470000 0.157798 0.042590 -8.733050
1208.470000 0.161138 0.043532 -8.596680
1218.470000 0.191403 0.052112 -8.459150
1228.470000 0.212272 0.058064 -8.320470
1238.470000 0.195817 0.053368 -8.180620
1248.470000 0.185670 0.050481 -8.039600
1258.470000 0.155807 0.042028 -7.897420
1268.470000 0.132287 0.035422 -7.754070
1278.470000 0.124096 0.033132 -7.609560
1288.470000 0.117536 0.031304 -7.463880
1298.470000 0.108370 0.028758 -7.317050
1308.470000 0.131532 0.035210 -7.169040
1318.470000 0.162988 0.044055 -7.019870
1328.470000 0.138813 0.037250 -6.869540
1338.470000 0.134416 0.036018 -6.718030
1348.470000 0.135862 0.030122 -6.565370
1358.470000 0.071409 0.017252 -6.411540
1368.470000 0.096355 0.029753 -6.256560
1378.470000 0.113355 0.019969 -6.100400
1388.470000 0.077290 0.023266 -5.943090
1398.470000 0.071297 0.026815 -5.784590
1408.470000 0.085881 0.027303 -5.624950
1418.470000 0.070965 0.023785 -5.464140
1428.470000 0.050906 0.011930 -5.302160
1438.470000 0.064184 0.019984 -5.139020
1448.470000 0.066433 0.017433 -4.974720
1458.470000 0.061311 0.015210 -4.809240
1468.470000 0.063613 0.013190 -4.642610
1478.470000 0.043787 0.010109 -4.474810
1488.470000 0.033657 0.007379 -4.305850
1498.470000 0.034056 0.008495 -4.135710
1508.470000 0.033565 0.008084 -3.964420
1518.470000 0.034511 0.011707 -3.791960
1528.470000 0.064824 0.017518 -3.618350
1538.470000 0.076856 0.020575 -3.443560
1548.470000 0.090873 0.028120 -3.267610
1558.470000 0.055180 0.017813 -3.090500
1568.470000 0.076092 0.016897 -2.912220
1578.470000 0.074154 0.019198 -2.732770
1588.470000 0.077098 0.015744 -2.552170
1598.470000 0.034970 0.013740 -2.370390
1608.470000 0.050658 0.012818 -2.187450
1618.470000 0.056122 0.014229 -2.003360
1628.470000 0.070379 0.020267 -1.818080
1638.470000 0.047673 0.010242 -1.631650
1648.470000 0.029431 0.009448 -1.444060
1658.470000 0.032036 0.007548 -1.255310
1668.470000 0.025848 0.005803 -1.065380
1678.470000 0.032277 0.006587 -0.874298
1688.470000 0.027854 0.007353 -0.682053
1698.470000 0.045216 0.006888 -0.488632
1708.470000 0.042701 0.012946 -0.294052
1718.470000 0.054937 0.016530 -0.098297
1728.470000 0.056746 0.018320 0.098602
1738.470000 0.053191 0.022884 0.296677
1748.470000 0.057903 0.012379 0.495911
1758.470000 0.050989 0.009151 0.696320
1768.470000 0.043333 0.012527 0.897888
1778.470000 0.034270 0.009138 1.100620
1788.470000 0.031301 0.008740 1.304520
1798.470000 0.036951 0.007225 1.509570
1808.470000 0.024900 0.005106 1.715810
1818.470000 0.027410 0.006923 1.923190
1828.470000 0.031978 0.008062 2.131740
1838.470000 0.036267 0.010782 2.341460
1848.470000 0.045178 0.011798 2.552340
1858.470000 0.062282 0.011436 2.764390
1868.470000 0.044262 0.018724 2.977600
1878.470000 0.055446 0.013087 3.191970
1888.470000 0.030073 0.007866 3.407520
1898.470000 0.029191 0.006444 3.624220
1908.470000 0.033527 0.009062 3.842090
1918.470000 0.025892 0.005098 4.061110
1928.470000 0.025690 0.006075 4.281310
1938.470000 0.035874 0.007624 4.502670
1948.470000 0.037600 0.009191 4.725210
1958.470000 0.051211 0.015509 4.948900
1968.470000 0.060950 0.012272 5.173750
1978.470000 0.053703 0.019246 5.399770
1988.470000 0.121837 0.026006 5.626960
1998.470000 0.147792 0.046787 5.855300
2008.470000 0.114337 0.022955 6.084810
2018.470000 0.096156 0.023964 6.315490
2028.470000 0.135905 0.038441 6.547340
2038.470000 0.162360 0.047671 6.780340
2048.470000 0.183540 0.033793 7.014510
2058.470000 0.190989 0.049061 7.249850
2068.470000 0.131585 0.043996 7.486340
2078.470000 0.097087 0.026912 7.724000
2088.470000 0.051724 0.013907 7.962830
2098.470000 0.023903 0.007312 8.202820
2108.470000 0.021626 0.005838 8.443990
2118.470000 0.033813 0.007865 8.686300
2128.470000 0.038856 0.007288 8.929780
2138.470000 0.027453 0.007831 9.174440
2148.470000 0.020742 0.004820 9.420240
2158.470000 0.022170 0.007304 9.667220
2168.470000 0.036446 0.009758 9.915380
2178.470000 0.042713 0.013065 10.164700
2188.470000 0.037322 0.009525 10.415100
2198.470000 0.040345 0.011868 10.666800
2208.470000 0.041361 0.010238 10.919600
2218.470000 0.024261 0.007469 11.173600
2228.470000 0.025785 0.007890 11.428700
2238.470000 0.021460 0.006087 11.685000
2248.470000 0.023419 0.005866 11.942400
2258.470000 0.021487 0.005434 12.201100
2268.470000 0.016414 0.005454 12.460800
2278.470000 0.018104 0.004049 12.721800
2288.470000 0.015829 0.004090 12.983900
2298.470000 0.015708 0.003303 13.247200
2308.470000 0.014145 0.003714 13.511600
2318.470000 0.018622 0.005161 13.777200
2328.470000 0.020887 0.004888 14.044000
2338.470000 0.022131 0.005469 14.312000
2348.470000 0.034525 0.013036 14.581100
2358.470000 0.045237 0.015077 14.851300
2368.470000 0.033686 0.011319 15.122800
2378.470000 0.035141 0.006928 15.395300
2388.470000 0.026599 0.008044 15.669100
2398.470000 0.026806 0.005525 15.944000
2408.470000 0.021252 0.004826 16.220100
2418.470000 0.020931 0.005052 16.497400
2428.470000 0.014738 0.004388 16.775800
2438.470000 0.015049 0.004662 17.055400
2448.470000 0.016546 0.004196 17.336100
2458.470000 0.011738 0.003141 17.618000
2468.470000 0.016647 0.004613 17.901100
2478.470000 0.013300 0.003785 18.185400
2488.470000 0.019741 0.003926 18.470800
2498.470000 0.021173 0.004650 18.757300
2508.470000 0.024819 0.006664 19.045100
2518.470000 0.023165 0.006474 19.333900
2528.470000 0.026161 0.006365 19.624000
2538.470000 0.026692 0.005534 19.915200
2548.470000 0.036393 0.009577 20.207600
2558.470000 0.027353 0.006975 20.501200
2568.470000 0.021294 0.004561 20.795900
2578.470000 0.022392 0.006738 21.091800
2588.470000 0.036737 0.009284 21.388800
2598.470000 0.026165 0.006512 21.687000
2608.470000 0.021699 0.005355 21.986400
2618.470000 0.017233 0.004209 22.286900
2628.470000 0.013905 0.003363 22.588700
2638.470000 0.011700 0.002808 22.891500
2648.470000 0.010909 0.002610 23.195600
2658.470000 0.012578 0.003029 23.500700
2668.470000 0.013422 0.003241 23.807100
2678.470000 0.014202 0.003439 24.114600
2688.470000 0.014954 0.003629 24.423400
2698.470000 0.012608 0.003036 24.732200
2708.470000 0.010105 0.002409 25.041000
2718.470000 0.012894 0.003108 25.349800
2728.470000 0.026817 0.006682 25.658600
2738.470000 0.065065 0.016873 25.967400
2748.470000 0.106067 0.028119 26.276200
2758.470000 0.119852 0.031949 26.585000
2768.470000 0.144861 0.038948 26.893800
2778.470000 0.179068 0.048607 27.202600
2788.470000 0.126893 0.034163 27.511400
2798.470000 0.119694 999.000000 27.820200
