1098.470000 0.155516 0.042256 -10.032600
1108.470000 0.142842 0.038834 -9.907900
1118.470000 0.143196 0.038935 -9.782010
1128.470000 0.137715 0.037379 -9.654970
1138.470000 0.148548 0.040457 -9.526750
1148.470000 0.162864 0.044541 -9.397380
1158.470000 0.156387 0.042691 -9.266850
1168.470000 0.117411 0.031639 -9.135150
1178.470000 0.100006 0.026755 -9.002270
1188.470000 0.102573 0.027473 -8.868240
1198.470000 0.121592 0.032818 -8.733050
1208.470000 0.124166 0.033544 -8.596680
1218.470000 0.147486 0.040155 -8.459150
1228.470000 0.163567 0.044742 -8.320470
1238.470000 0.150888 0.041123 -8.180620
1248.470000 0.143069 0.038899 -8.039600
1258.470000 0.120058 0.032385 -7.897420
1268.470000 0.101935 0.027294 -7.754070
1278.470000 0.095623 0.025530 -7.609560
1288.470000 0.090568 0.024122 -7.463880
1298.470000 0.083505 0.022159 -7.317050
1308.470000 0.101352 0.027131 -7.169040
1318.470000 0.125592 0.033947 -7.019870
1328.470000 0.106963 0.028703 -6.869540
1338.470000 0.103575 0.027754 -6.718030
1348.470000 0.104689 0.023211 -6.565370
1358.470000 0.055025 0.013294 -6.411540
1368.470000 0.074247 0.022926 -6.256560
1378.470000 0.087346 0.015387 -6.100400
1388.470000 0.059556 0.017928 -5.943090
1398.470000 0.054938 0.020663 -5.784590
1408.470000 0.066176 0.021039 -5.624950
1418.470000 0.054683 0.018327 -5.464140
1428.470000 0.039226 0.009193 -5.302160
1438.470000 0.049457 0.015399 -5.139020
1448.470000 0.051190 0.013433 -4.974720
1458.470000 0.047243 0.011720 -4.809240
1468.470000 0.049017 0.010163 -4.642610
1478.470000 0.033740 0.007790 -4.474810
1488.470000 0.025935 0.005686 -4.305850
1498.470000 0.026242 0.006546 -4.135710
1508.470000 0.025864 0.006229 -3.964420
1518.470000 0.026593 0.009021 -3.791960
1528.470000 0.049951 0.013499 -3.618350
1538.470000 0.059222 0.015854 -3.443560
1548.470000 0.070023 0.021668 -3.267610
1558.470000 0.042519 0.013726 -3.090500
1568.470000 0.058633 0.013020 -2.912220
1578.470000 0.057140 0.014793 -2.732770
1588.470000 0.059408 0.012131 -2.552170
1598.470000 0.026946 0.010587 -2.370390
1608.470000 0.039035 0.009877 -2.187450
1618.470000 0.043245 0.010964 -2.003360
1628.470000 0.054231 0.015617 -1.818080
1638.470000 0.036734 0.007892 -1.631650
1648.470000 0.022678 0.007280 -1.444060
1658.470000 0.024686 0.005816 -1.255310
1668.470000 0.019918 0.004471 -1.065380
1678.470000 0.024872 0.005076 -0.874298
1688.470000 0.021463 0.005666 -0.682053
1698.470000 0.034841 0.005308 -0.488632
1708.470000 0.032904 0.009976 -0.294052
1718.470000 0.042332 0.012737 -0.098297
1728.470000 0.043726 0.014117 0.098602
1738.470000 0.040986 0.017634 0.296677
1748.470000 0.044618 0.009539 0.495911
1758.470000 0.039290 0.007052 0.696320
1768.470000 0.033390 0.009653 0.897888
1778.470000 0.026407 0.007042 1.100620
1788.470000 0.024119 0.006734 1.304520
1798.470000 0.028473 0.005567 1.509570
1808.470000 0.019187 0.003935 1.715810
1818.470000 0.021121 0.005335 1.923190
1828.470000 0.024641 0.006212 2.131740
1838.470000 0.027946 0.008308 2.341460
1848.470000 0.034812 0.009091 2.552340
1858.470000 0.047991 0.008812 2.764390
1868.470000 0.034106 0.014428 2.977600
1878.470000 0.042724 0.010084 3.191970
1888.470000 0.023173 0.006061 3.407520
1898.470000 0.022493 0.004965 3.624220
1908.470000 0.025835 0.006982 3.842090
1918.470000 0.019951 0.003929 4.061110
1928.470000 0.019796 0.004681 4.281310
1938.470000 0.027643 0.005875 4.502670
1948.470000 0.028973 0.007082 4.725210
1958.470000 0.039461 0.011951 4.948900
1968.470000 0.046965 0.009457 5.173750
1978.470000 0.041381 0.014830 5.399770
1988.470000 0.093882 0.020039 5.626960
1998.470000 0.113882 0.036052 5.855300
2008.470000 0.088103 0.017688 6.084810
2018.470000 0.074093 0.018465 6.315490
2028.470000 0.104722 0.029621 6.547340
2038.470000 0.125107 0.036733 6.780340
2048.470000 0.141428 0.026040 7.014510
2058.470000 0.147167 0.037804 7.249850
2068.470000 0.101393 0.033902 7.486340
2078.470000 0.074811 0.020737 7.724000
2088.470000 0.039856 0.010716 7.962830
2098.470000 0.018419 0.005634 8.202820
2108.470000 0.016664 0.004499 8.443990
2118.470000 0.026054 0.006061 8.686300
2128.470000 0.029941 0.005616 8.929780
2138.470000 0.021154 0.006034 9.174440
2148.470000 0.015983 0.003714 9.420240
2158.470000 0.017083 0.005628 9.667220
2168.470000 0.028083 0.007519 9.915380
2178.470000 0.032913 0.010067 10.164700
2188.470000 0.028758 0.007340 10.415100
2198.470000 0.031088 0.009145 10.666800
2208.470000 0.031871 0.007889 10.919600
2218.470000 0.018694 0.005755 11.173600
2228.470000 0.019869 0.006079 11.428700
2238.470000 0.016536 0.004691 11.685000
2248.470000 0.018046 0.004520 11.942400
2258.470000 0.016557 0.004187 12.201100
2268.470000 0.012648 0.004203 12.460800
2278.470000 0.013950 0.003120 12.721800
2288.470000 0.012197 0.003152 12.983900
2298.470000 0.012104 0.002545 13.247200
2308.470000 0.010900 0.002862 13.511600
2318.470000 0.014350 0.003977 13.777200
2328.470000 0.016095 0.003766 14.044000
2338.470000 0.017053 0.004214 14.312000
2348.470000 0.026603 0.010045 14.581100
2358.470000 0.034858 0.011617 14.851300
2368.470000 0.025957 0.008722 15.122800
2378.470000 0.027078 0.005339 15.395300
2388.470000 0.020496 0.006199 15.669100
2398.470000 0.020656 0.004257 15.944000
2408.470000 0.016376 0.003719 16.220100
2418.470000 0.016129 0.003893 16.497400
2428.470000 0.011356 0.003381 16.775800
2438.470000 0.011596 0.003592 17.055400
2448.470000 0.012749 0.003234 17.336100
2458.470000 0.009045 0.002420 17.618000
2468.470000 0.012827 0.003555 17.901100
2478.470000 0.010249 0.002916 18.185400
2488.470000 0.015211 0.003026 18.470800
2498.470000 0.016315 0.003583 18.757300
2508.470000 0.019125 0.005135 19.045100
2518.470000 0.017850 0.004988 19.333900
2528.470000 0.020159 0.004905 19.624000
2538.470000 0.020568 0.004264 19.915200
2548.470000 0.028043 0.007380 20.207600
2558.470000 0.021077 0.005375 20.501200
2568.470000 0.016408 0.003514 20.795900
2578.470000 0.017254 0.005192 21.091800
2588.470000 0.028308 0.007154 21.388800
2598.470000 0.020162 0.005018 21.687000
2608.470000 0.016721 0.004126 21.986400
2618.470000 0.013279 0.003243 22.286900
2628.470000 0.010715 0.002592 22.588700
2638.470000 0.009016 0.002164 22.891500
2648.470000 0.008406 0.002011 23.195600
2658.470000 0.009692 0.002334 23.500700
2668.470000 0.010342 0.002498 23.807100
2678.470000 0.010944 0.002650 24.114600
2688.470000 0.011523 0.002796 24.423400
2698.470000 0.009715 0.002340 24.732200
2708.470000 0.007786 0.001856 25.041000
2718.470000 0.009935 0.002395 25.349800
2728.470000 0.020664 0.005149 25.658600
2738.470000 0.050136 0.013002 25.967400
2748.470000 0.081730 0.021667 26.276200
2758.470000 0.092352 0.024619 26.585000
2768.470000 0.111624 0.030011 26.893800
2778.470000 0.137981 0.037454 27.202600
2788.470000 0.126893 0.034163 27.511400
2798.470000 0.119694 999.000000 27.820200
