1098.470000 0.155516 0.042256 -10.032600
1108.470000 0.147573 0.040120 -9.907900
1118.470000 0.147938 0.040224 -9.782010
1128.470000 0.142275 0.038617 -9.654970
1138.470000 0.153468 0.041797 -9.526750
1148.470000 0.168258 0.046016 -9.397380
1158.470000 0.161566 0.044105 -9.266850
1168.470000 0.121299 0.032687 -9.135150
1178.470000 0.103318 0.027641 -9.002270
1188.470000 0.105970 0.028383 -8.868240
1198.470000 0.125619 0.033905 -8.733050
1208.470000 0.128278 0.034655 -8.596680
1218.470000 0.152371 0.041485 -8.459150
1228.470000 0.168984 0.046223 -8.320470
1238.470000 0.155885 0.042485 -8.180620
1248.470000 0.147807 0.040187 -8.039600
1258.470000 0.124034 0.033458 -7.897420
1268.470000 0.105310 0.028198 -7.754070
1278.470000 0.098789 0.026376 -7.609560
1288.470000 0.093567 0.024920 -7.463880
1298.470000 0.086271 0.022893 -7.317050
1308.470000 0.104709 0.028030 -7.169040
1318.470000 0.129751 0.035071 -7.019870
1328.470000 0.110506 0.029654 -6.869540
1338.470000 0.107005 0.028673 -6.718030
1348.470000 0.108156 0.023979 -6.565370
1358.470000 0.056847 0.013734 -6.411540
1368.470000 0.076705 0.023685 -6.256560
1378.470000 0.090239 0.015896 -6.100400
1388.470000 0.061529 0.018522 -5.943090
1398.470000 0.056757 0.021347 -5.784590
1408.470000 0.068368 0.021735 -5.624950
1418.470000 0.056494 0.018934 -5.464140
1428.470000 0.040525 0.009497 -5.302160
1438.470000 0.051095 0.015909 -5.139020
1448.470000 0.052886 0.013878 -4.974720
1458.470000 0.048808 0.012108 -4.809240
1468.470000 0.050640 0.010500 -4.642610
1478.470000 0.034858 0.008048 -4.474810
1488.470000 0.026794 0.005875 -4.305850
1498.470000 0.027111 0.006762 -4.135710
1508.470000 0.026720 0.006435 -3.964420
1518.470000 0.027474 0.009319 -3.791960
1528.470000 0.051605 0.013946 -3.618350
1538.470000 0.061183 0.016379 -3.443560
1548.470000 0.072341 0.022385 -3.267610
1558.470000 0.043928 0.014181 -3.090500
1568.470000 0.060575 0.013452 -2.912220
1578.470000 0.059032 0.015283 -2.732770
1588.470000 0.061375 0.012533 -2.552170
1598.470000 0.027838 0.010938 -2.370390
1608.470000 0.040328 0.010204 -2.187450
1618.470000 0.044677 0.011327 -2.003360
1628.470000 0.056027 0.016134 -1.818080
1638.470000 0.037951 0.008153 -1.631650
1648.470000 0.023429 0.007521 -1.444060
1658.470000 0.025503 0.006009 -1.255310
1668.470000 0.020577 0.004620 -1.065380
1678.470000 0.025695 0.005244 -0.874298
1688.470000 0.022173 0.005854 -0.682053
1698.470000 0.035995 0.005483 -0.488632
1708.470000 0.033993 0.010306 -0.294052
1718.470000 0.043734 0.013159 -0.098297
1728.470000 0.045174 0.014584 0.098602
1738.470000 0.042344 0.018218 0.296677
1748.470000 0.046095 0.009854 0.495911
1758.470000 0.040591 0.007285 0.696320
1768.470000 0.034496 0.009973 0.897888
1778.470000 0.027282 0.007275 1.100620
1788.470000 0.024918 0.006957 1.304520
1798.470000 0.029416 0.005752 1.509570
1808.470000 0.019822 0.004065 1.715810
1818.470000 0.021821 0.005511 1.923190
1828.470000 0.025457 0.006418 2.131740
1838.470000 0.028872 0.008583 2.341460
1848.470000 0.035965 0.009392 2.552340
1858.470000 0.049581 0.009104 2.764390
1868.470000 0.035236 0.014905 2.977600
1878.470000 0.044139 0.010418 3.191970
1888.470000 0.023940 0.006262 3.407520
1898.470000 0.023238 0.005130 3.624220
1908.470000 0.026690 0.007214 3.842090
1918.470000 0.020612 0.004059 4.061110
1928.470000 0.020451 0.004836 4.281310
1938.470000 0.028558 0.006070 4.502670
1948.470000 0.029932 0.007317 4.725210
1958.470000 0.040768 0.012347 4.948900
1968.470000 0.048520 0.009770 5.173750
1978.470000 0.042751 0.015321 5.399770
1988.470000 0.096991 0.020703 5.626960
1998.470000 0.117653 0.037246 5.855300
2008.470000 0.091020 0.018274 6.084810
2018.470000 0.076547 0.019077 6.315490
2028.470000 0.108190 0.030601 6.547340
2038.470000 0.129250 0.037950 6.780340
2048.470000 0.146111 0.026902 7.014510
2058.470000 0.152041 0.039056 7.249850
2068.470000 0.104751 0.035024 7.486340
2078.470000 0.077288 0.021424 7.724000
2088.470000 0.041176 0.011071 7.962830
2098.470000 0.019029 0.005821 8.202820
2108.470000 0.017216 0.004647 8.443990
2118.470000 0.026917 0.006261 8.686300
2128.470000 0.030932 0.005802 8.929780
2138.470000 0.021855 0.006234 9.174440
2148.470000 0.016512 0.003837 9.420240
2158.470000 0.017649 0.005814 9.667220
2168.470000 0.029013 0.007768 9.915380
2178.470000 0.034003 0.010401 10.164700
2188.470000 0.029711 0.007583 10.415100
2198.470000 0.032118 0.009448 10.666800
2208.470000 0.032926 0.008150 10.919600
2218.470000 0.019314 0.005946 11.173600
2228.470000 0.020527 0.006281 11.428700
2238.470000 0.017084 0.004846 11.685000
2248.470000 0.018643 0.004670 11.942400
2258.470000 0.017105 0.004326 12.201100
2268.470000 0.013067 0.004342 12.460800
2278.470000 0.014412 0.003224 12.721800
2288.470000 0.012601 0.003256 12.983900
2298.470000 0.012505 0.002629 13.247200
2308.470000 0.011261 0.002957 13.511600
2318.470000 0.014825 0.004109 13.777200
2328.470000 0.016628 0.003891 14.044000
2338.470000 0.017618 0.004354 14.312000
2348.470000 0.027484 0.010377 14.581100
2358.470000 0.036012 0.012002 14.851300
2368.470000 0.026817 0.009011 15.122800
2378.470000 0.027975 0.005515 15.395300
2388.470000 0.021175 0.006404 15.669100
2398.470000 0.021340 0.004398 15.944000
2408.470000 0.016918 0.003842 16.220100
2418.470000 0.016663 0.004022 16.497400
2428.470000 0.011732 0.003493 16.775800
2438.470000 0.011980 0.003711 17.055400
2448.470000 0.013172 0.003341 17.336100
2458.470000 0.009344 0.002500 17.618000
2468.470000 0.013252 0.003672 17.901100
2478.470000 0.010588 0.003013 18.185400
2488.470000 0.015715 0.003126 18.470800
2498.470000 0.016856 0.003702 18.757300
2508.470000 0.019758 0.005305 19.045100
2518.470000 0.018441 0.005154 19.333900
2528.470000 0.020826 0.005067 19.624000
2538.470000 0.021249 0.004405 19.915200
2548.470000 0.028972 0.007624 20.207600
2558.470000 0.021775 0.005553 20.501200
2568.470000 0.016951 0.003631 20.795900
2578.470000 0.017826 0.005364 21.091800
2588.470000 0.029246 0.007391 21.388800
2598.470000 0.020829 0.005184 21.687000
2608.470000 0.017274 0.004263 21.986400
2618.470000 0.013719 0.003351 22.286900
2628.470000 0.011070 0.002678 22.588700
2638.470000 0.009314 0.002235 22.891500
2648.470000 0.008685 0.002078 23.195600
2658.470000 0.010013 0.002411 23.500700
2668.470000 0.010685 0.002580 23.807100
2678.470000 0.011306 0.002737 24.114600
2688.470000 0.011904 0.002889 24.423400
2698.470000 0.010037 0.002417 24.732200
2708.470000 0.008044 0.001918 25.041000
2718.470000 0.010264 0.002474 25.349800
2728.470000 0.021348 0.005319 25.658600
2738.470000 0.051797 0.013432 25.967400
2748.470000 0.084437 0.022385 26.276200
2758.470000 0.095411 0.025434 26.585000
2768.470000 0.115320 0.031005 26.893800
2778.470000 0.142551 0.038695 27.202600
2788.470000 0.126893 0.034163 27.511400
2798.470000 0.119694 999.000000 27.820200
