1098.470000 0.155516 0.042256 -10.032600
1108.470000 0.160096 0.043525 -9.907900
1118.470000 0.160492 0.043638 -9.782010
1128.470000 0.154349 0.041894 -9.654970
1138.470000 0.166491 0.045344 -9.526750
1148.470000 0.182536 0.049921 -9.397380
1158.470000 0.175276 0.047847 -9.266850
1168.470000 0.131592 0.035461 -9.135150
1178.470000 0.112085 0.029986 -9.002270
1188.470000 0.114963 0.030791 -8.868240
1198.470000 0.136279 0.036782 -8.733050
1208.470000 0.139164 0.037596 -8.596680
1218.470000 0.165301 0.045005 -8.459150
1228.470000 0.183324 0.050146 -8.320470
1238.470000 0.169114 0.046091 -8.180620
1248.470000 0.160350 0.043597 -8.039600
1258.470000 0.134559 0.036297 -7.897420
1268.470000 0.114247 0.030591 -7.754070
1278.470000 0.107173 0.028614 -7.609560
1288.470000 0.101507 0.027035 -7.463880
1298.470000 0.093592 0.024836 -7.317050
1308.470000 0.113594 0.030408 -7.169040
1318.470000 0.140761 0.038047 -7.019870
1328.470000 0.119883 0.032170 -6.869540
1338.470000 0.116086 0.031106 -6.718030
1348.470000 0.117334 0.026014 -6.565370
1358.470000 0.061671 0.014899 -6.411540
1368.470000 0.083215 0.025695 -6.256560
1378.470000 0.097897 0.017245 -6.100400
1388.470000 0.066750 0.020094 -5.943090
1398.470000 0.061574 0.023159 -5.784590
1408.470000 0.074170 0.023580 -5.624950
1418.470000 0.061288 0.020541 -5.464140
1428.470000 0.043964 0.010303 -5.302160
1438.470000 0.055431 0.017259 -5.139020
1448.470000 0.057373 0.015055 -4.974720
1458.470000 0.052950 0.013136 -4.809240
1468.470000 0.054938 0.011391 -4.642610
1478.470000 0.037816 0.008730 -4.474810
1488.470000 0.029067 0.006373 -4.305850
1498.470000 0.029412 0.007336 -4.135710
1508.470000 0.028988 0.006981 -3.964420
1518.470000 0.029805 0.010110 -3.791960
1528.470000 0.055984 0.015129 -3.618350
1538.470000 0.066375 0.017769 -3.443560
1548.470000 0.078480 0.024285 -3.267610
1558.470000 0.047655 0.015384 -3.090500
1568.470000 0.065715 0.014593 -2.912220
1578.470000 0.064042 0.016580 -2.732770
1588.470000 0.066584 0.013597 -2.552170
1598.470000 0.030201 0.011866 -2.370390
1608.470000 0.043750 0.011070 -2.187450
1618.470000 0.048468 0.012289 -2.003360
1628.470000 0.060781 0.017504 -1.818080
1638.470000 0.041172 0.008845 -1.631650
1648.470000 0.025417 0.008160 -1.444060
1658.470000 0.027667 0.006519 -1.255310
1668.470000 0.022323 0.005012 -1.065380
1678.470000 0.027876 0.005689 -0.874298
1688.470000 0.024055 0.006350 -0.682053
1698.470000 0.039050 0.005949 -0.488632
1708.470000 0.036878 0.011181 -0.294052
1718.470000 0.047445 0.014276 -0.098297
1728.470000 0.049007 0.015822 0.098602
1738.470000 0.045937 0.019764 0.296677
1748.470000 0.050007 0.010691 0.495911
1758.470000 0.044035 0.007903 0.696320
1768.470000 0.037423 0.010819 0.897888
1778.470000 0.029597 0.007892 1.100620
1788.470000 0.027032 0.007548 1.304520
1798.470000 0.031912 0.006240 1.509570
1808.470000 0.021504 0.004410 1.715810
1818.470000 0.023672 0.005979 1.923190
1828.470000 0.027617 0.006962 2.131740
1838.470000 0.031322 0.009311 2.341460
1848.470000 0.039017 0.010189 2.552340
1858.470000 0.053788 0.009876 2.764390
1868.470000 0.038226 0.016170 2.977600
1878.470000 0.047885 0.011302 3.191970
1888.470000 0.025972 0.006794 3.407520
1898.470000 0.025210 0.005565 3.624220
1908.470000 0.028955 0.007826 3.842090
1918.470000 0.022361 0.004403 4.061110
1928.470000 0.022187 0.005247 4.281310
1938.470000 0.030982 0.006585 4.502670
1948.470000 0.032472 0.007938 4.725210
1958.470000 0.044227 0.013394 4.948900
1968.470000 0.052638 0.010599 5.173750
1978.470000 0.046379 0.016622 5.399770
1988.470000 0.105222 0.022460 5.626960
1998.470000 0.127637 0.040407 5.855300
2008.470000 0.098744 0.019824 6.084810
2018.470000 0.083043 0.020696 6.315490
2028.470000 0.117372 0.033198 6.547340
2038.470000 0.140219 0.041170 6.780340
2048.470000 0.158510 0.029185 7.014510
2058.470000 0.164943 0.042371 7.249850
2068.470000 0.113640 0.037997 7.486340
2078.470000 0.083847 0.023242 7.724000
2088.470000 0.044670 0.012011 7.962830
2098.470000 0.020643 0.006315 8.202820
2108.470000 0.018677 0.005042 8.443990
2118.470000 0.029202 0.006793 8.686300
2128.470000 0.033557 0.006294 8.929780
2138.470000 0.023709 0.006763 9.174440
2148.470000 0.017913 0.004163 9.420240
2158.470000 0.019146 0.006308 9.667220
2168.470000 0.031475 0.008427 9.915380
2178.470000 0.036889 0.011283 10.164700
2188.470000 0.032232 0.008226 10.415100
2198.470000 0.034843 0.010250 10.666800
2208.470000 0.035720 0.008842 10.919600
2218.470000 0.020952 0.006450 11.173600
2228.470000 0.022269 0.006814 11.428700
2238.470000 0.018534 0.005257 11.685000
2248.470000 0.020225 0.005066 11.942400
2258.470000 0.018557 0.004693 12.201100
2268.470000 0.014176 0.004711 12.460800
2278.470000 0.015635 0.003497 12.721800
2288.470000 0.013670 0.003532 12.983900
2298.470000 0.013566 0.002852 13.247200
2308.470000 0.012216 0.003208 13.511600
2318.470000 0.016083 0.004457 13.777200
2328.470000 0.018039 0.004221 14.044000
2338.470000 0.019113 0.004723 14.312000
2348.470000 0.029817 0.011258 14.581100
2358.470000 0.039068 0.013021 14.851300
2368.470000 0.029093 0.009775 15.122800
2378.470000 0.030349 0.005983 15.395300
2388.470000 0.022972 0.006947 15.669100
2398.470000 0.023151 0.004771 15.944000
2408.470000 0.018354 0.004168 16.220100
2418.470000 0.018077 0.004363 16.497400
2428.470000 0.012728 0.003790 16.775800
2438.470000 0.012997 0.004026 17.055400
2448.470000 0.014289 0.003624 17.336100
2458.470000 0.010137 0.002712 17.618000
2468.470000 0.014376 0.003984 17.901100
2478.470000 0.011487 0.003269 18.185400
2488.470000 0.017048 0.003391 18.470800
2498.470000 0.018286 0.004016 18.757300
2508.470000 0.021435 0.005755 19.045100
2518.470000 0.020006 0.005591 19.333900
2528.470000 0.022594 0.005497 19.624000
2538.470000 0.023052 0.004779 19.915200
2548.470000 0.031430 0.008271 20.207600
2558.470000 0.023623 0.006024 20.501200
2568.470000 0.018390 0.003939 20.795900
2578.470000 0.019339 0.005819 21.091800
2588.470000 0.031727 0.008018 21.388800
2598.470000 0.022597 0.005624 21.687000
2608.470000 0.018740 0.004625 21.986400
2618.470000 0.014883 0.003635 22.286900
2628.470000 0.012009 0.002905 22.588700
2638.470000 0.010104 0.002425 22.891500
2648.470000 0.009422 0.002254 23.195600
2658.470000 0.010863 0.002616 23.500700
2668.470000 0.011592 0.002799 23.807100
2678.470000 0.012266 0.002970 24.114600
2688.470000 0.012915 0.003134 24.423400
2698.470000 0.010889 0.002622 24.732200
2708.470000 0.008727 0.002081 25.041000
2718.470000 0.011136 0.002684 25.349800
2728.470000 0.023160 0.005770 25.658600
2738.470000 0.056192 0.014572 25.967400
2748.470000 0.091603 0.024284 26.276200
2758.470000 0.103508 0.027592 26.585000
2768.470000 0.125107 0.033636 26.893800
2778.470000 0.154648 0.041978 27.202600
2788.470000 0.126893 0.034163 27.511400
2798.470000 0.119694 999.000000 27.820200
